Epoch 1:
	train loss: 0.9059543309979154, valid loss: 1.145181854967555
 MAE: 3201989943.3908634
MAPE: -87988.48730946734
RMSE: 7681916035.0170355
